073.026
073.027
073.028
073.054
073.055
073.084
073.086
073.116
073.130
073.131
073.134
073.139
073.141 - photo no. 107-1082c, 152 ???
073.154
073.164
073.168
073.169
073.170 (text same as in 73.168 and 169)
073.173
073.176
073.177
073.181
073.189
073.192
073.193
073.194
073.195
073.196
073.197
073.198
073.199
073.200
073.201
073.204
073.227
073.228
073.233
073.245
073.246
073.247
073.263
073.264
073.265
073.271
073.272
073.274
073.276
073.278
073.282
073.283
073.284
073.285
073.286
073.287
073.289
073.290
073.291
073.292.1
073.292
073.295
073.296
073.297
073.318
073.324
073.325
073.326
073.329
073.330
073.331
073.335
073.336
073.337
073.338
073.341
073.344
073.345
073.346
073.348
073.350
073.351
073.352
073.353
073.354
073.355
073.358
073.362.1
073.379
073.381
073.414
073.415
073.416
073.417
073.420
073.421
073.435
073.436
073.437
073.438
073.439
073.440
073.441
073.442
073.443
073.445
073.447
073.456
073.457
073.474
073.477
073.492
073.493
073.494
073.495
073.496
073.498
073.499
073.500
073.501
073.502
073.512
073.513
073.521
073.524
073.529
073.532
073.536
073.540
073.545
073.548
073.549
073.550
073.561
073.562
073.563
073.564
073.565
073.566
073.568
073.569
073.576
073.577
073.578
073.579
073.580
073.581
073.582
073.584
073.585
073.588
073.589
073.598
073.599
073.600
073.615
073.616
073.622
073.623
073.644
073.645
073.646
073.653
073.676
073.691
073.692
073.693
073.694
073.695
073.696
073.702
073.708
073.709
073.710
073.723
073.724
073.732
073.735
073.745
073.746
073.747
073.759
073.762
073.775
073.776
073.778
073.779
073.780
073.781
073.782
077.489.1
077.489.2
077.489.3
077.489.4
077.489.5
077.489.6
077.489.7
077.489.8
077.489.9
077.489.10
077.489.11
077.489.12
077.489.13
077.489.14
077.489.15
077.489.16
077.489.17
077.489.18
077.489.19
077.489.20
077.489.21
077.489.22
077.489.23
077.489.24
077.489.25
077.489.26
077.489.27
077.489.28
077.489.29
077.489.30
077.489.31
077.489.32
077.489.33
077.489.34
077.489.35
077.489.36
077.489.37
077.489.38
077.489.39
077.489.40
077.489.41
077.489.42
077.489.43
077.489.44
077.489.45
077.489.46
077.489.47
077.489.48
077.492.0
077.492.1
077.493
077.494.0
077.497
077.508
077.509
077.512
077.513


